1 2 5 5 2 6 1 7 4 8 3 9 2 10 4 11 1 12 1 13 5 14 2 15 3 16 1 17 1 18 1 19 4 21 5 22 5 25 5 26 1 27 5 29 5 30 3 31 1 33 1 34 5 35 3 36 5 37 1 38 2 40 2 41 3 42 5 43 3 44 4 45 5 46 5 47 2 49 1 50 1 51 4 52 4 54 1 55 3 57 2 59 4 60 1 61 3 62 1 63 3 64 5 65 1 66 3 67 4 68 1 70 2 71 5 74 3 75 5 76 1 77 5 78 4 80 2 81 1 84 2 85 2 86 2 88 5 89 2 90 3 91 2 96 4 97 5 98 2 99 4 
2 1 3 2 3 3 1 6 4 7 1 8 1 9 4 11 5 12 3 14 4 16 1 18 1 19 4 20 5 21 2 22 2 23 5 24 2 25 1 26 4 29 3 32 4 33 5 35 4 36 5 38 3 40 1 41 1 42 2 43 5 46 5 47 4 48 4 50 3 51 4 52 3 53 3 54 2 57 1 58 4 59 4 60 5 61 5 62 1 63 5 65 4 66 3 67 4 68 4 69 4 76 2 77 4 79 2 80 1 81 3 83 4 84 4 87 3 88 1 90 5 91 4 92 5 93 1 94 1 95 1 96 4 97 5 98 5 
3 2 2 5 2 6 2 7 1 9 1 10 1 11 1 14 1 15 2 16 3 17 3 19 5 20 5 21 3 22 2 23 5 25 2 26 5 27 5 28 1 29 1 31 3 32 4 33 5 35 4 37 1 39 3 40 5 41 2 42 5 43 3 45 1 46 2 47 2 48 5 55 3 57 1 58 3 59 1 61 1 63 3 64 5 65 5 66 1 67 4 68 2 69 1 71 2 73 3 74 5 76 2 77 4 79 1 80 3 81 5 82 5 84 2 87 3 88 1 89 5 90 3 92 2 94 1 95 1 96 1 97 4 99 5 
4 1 1 2 2 3 5 4 1 5 1 6 5 7 3 10 5 11 5 12 1 14 1 15 3 16 4 17 1 19 3 22 5 23 4 24 1 25 5 26 2 27 3 28 2 29 4 31 2 33 1 34 5 36 5 37 4 39 1 42 5 44 2 45 4 46 2 47 5 48 3 50 2 51 5 52 2 53 5 54 2 55 3 58 5 59 1 60 4 61 2 62 2 63 4 64 5 65 5 66 4 67 4 68 2 69 1 71 1 73 5 77 1 78 2 80 3 81 3 82 3 83 1 84 5 85 5 86 1 90 1 92 5 93 2 94 3 96 2 97 5 98 4 
5 1 5 2 1 5 5 6 2 8 3 9 3 10 4 11 2 12 5 14 4 15 3 17 2 18 4 22 1 23 2 24 5 25 2 26 5 27 2 29 5 31 3 34 2 35 4 36 3 37 2 39 3 40 5 41 3 43 5 44 3 45 2 46 1 48 1 50 2 54 4 55 4 56 2 58 3 59 3 60 1 61 2 62 4 63 1 64 3 66 4 67 2 68 3 70 2 71 5 72 1 74 4 75 2 76 1 79 5 80 3 81 3 82 5 83 2 84 1 85 4 89 1 90 4 91 3 92 1 93 3 94 3 96 1 98 3 99 4 
6 1 3 2 4 3 4 4 3 5 2 6 2 8 2 9 5 11 1 12 5 14 3 15 3 16 5 17 2 18 3 20 2 21 2 22 3 23 5 25 1 26 5 29 4 30 3 31 5 32 3 33 4 37 3 38 3 39 1 40 3 41 1 42 5 43 3 44 4 45 3 46 2 47 5 48 2 49 3 50 3 51 1 52 2 53 1 55 5 57 2 59 3 62 5 63 4 65 3 66 4 67 4 68 2 69 5 71 1 72 5 73 5 74 2 75 3 76 5 77 3 78 3 79 5 80 4 81 3 82 4 83 5 84 3 86 5 87 1 90 5 91 5 92 3 94 4 95 5 97 5 99 4 
7 1 1 2 5 4 3 5 2 6 2 7 3 8 1 10 1 11 5 12 4 13 2 14 3 15 2 16 1 17 3 21 2 23 5 24 4 26 2 27 1 28 1 29 2 30 1 31 4 32 5 34 3 35 2 36 4 37 2 39 5 40 2 41 3 44 4 45 5 47 1 49 2 50 1 52 4 53 4 54 5 57 3 58 3 59 3 62 2 63 1 64 5 65 4 68 4 69 5 70 3 71 4 72 4 73 5 74 3 75 5 76 2 78 1 79 1 80 4 82 5 83 2 84 3 85 2 86 1 87 3 89 5 91 5 93 5 94 5 95 2 96 2 97 2 98 3 99 2 
8 1 3 2 1 4 2 5 2 6 1 7 4 9 1 10 5 11 1 12 3 13 4 14 2 15 3 16 1 17 3 18 5 19 1 20 4 21 1 22 4 23 1 24 2 25 1 27 4 29 2 30 2 31 2 32 1 34 4 35 3 37 2 38 5 40 3 43 1 44 4 46 1 47 2 48 1 49 5 50 5 51 2 52 4 56 2 57 3 62 3 66 1 67 3 70 1 71 3 72 1 74 3 75 1 76 3 77 2 78 5 81 5 82 4 83 1 86 4 87 4 88 2 89 4 90 1 91 4 92 2 94 1 95 4 96 5 97 5 98 5 99 5 
9 1 1 2 3 3 4 5 5 6 3 8 3 9 3 10 5 11 1 12 1 13 2 14 2 15 3 17 4 18 2 19 2 20 2 21 5 22 1 23 3 25 4 26 2 28 1 29 5 30 5 31 4 33 1 34 4 35 3 38 3 39 1 40 4 43 4 44 1 45 3 47 2 48 4 49 3 50 1 51 2 53 4 54 4 55 5 58 5 60 3 61 2 63 3 64 4 65 4 66 2 67 3 68 4 69 1 70 1 71 5 72 5 73 2 74 5 75 2 76 4 77 3 78 5 79 5 80 3 82 5 84 3 85 1 87 1 88 5 89 2 91 4 92 5 93 3 94 1 95 5 96 5 98 3 
10 1 3 4 1 5 5 7 2 8 5 10 4 11 5 13 5 14 2 15 3 16 1 17 4 19 1 20 4 22 5 23 4 25 1 26 3 27 1 29 5 30 1 31 4 33 2 36 5 37 2 40 3 41 1 43 2 44 2 46 5 50 3 54 5 55 1 57 3 58 5 59 3 60 4 61 5 62 5 63 3 65 4 69 5 71 4 73 4 76 4 77 1 78 3 80 1 81 4 82 4 83 5 84 3 85 2 87 3 88 2 89 3 90 2 91 1 92 3 93 2 94 4 96 3 97 4 99 3 
11 2 1 3 2 4 5 5 5 6 1 7 5 8 3 9 1 10 3 13 4 16 4 17 2 19 3 20 3 22 1 23 2 24 5 27 1 28 2 31 4 32 3 33 4 34 5 35 3 36 2 37 1 38 4 39 1 40 2 41 2 43 2 44 2 45 3 46 2 48 1 49 1 50 5 51 2 52 1 53 1 54 5 55 1 56 1 57 2 58 5 59 5 61 5 63 2 64 2 65 4 66 3 68 4 69 4 71 2 72 3 74 1 75 1 76 3 77 2 78 1 79 5 80 2 81 3 82 2 83 2 84 2 85 2 86 5 87 2 89 5 91 5 93 3 94 5 95 1 96 5 97 3 98 4 99 1 
12 1 4 4 2 5 4 7 4 8 1 9 1 10 5 13 3 14 1 18 3 19 4 20 2 21 4 22 5 24 5 25 1 26 3 27 1 29 2 30 3 31 3 33 2 36 3 37 2 38 4 40 1 41 5 42 2 43 3 44 3 46 2 48 4 50 2 51 2 52 3 54 1 58 1 59 2 61 5 62 2 63 2 64 2 65 2 66 3 67 4 68 2 69 5 70 5 72 3 73 4 75 5 77 1 79 1 80 5 82 2 83 4 84 1 86 5 88 5 89 1 91 1 92 5 95 4 96 2 97 4 98 3 99 2 
13 1 2 2 2 3 1 6 4 8 4 9 1 10 2 11 5 12 2 13 5 14 3 15 5 17 3 19 5 20 1 21 1 22 4 23 2 24 3 25 5 26 2 27 1 29 2 30 3 33 3 34 3 36 5 37 3 38 1 39 4 40 3 42 5 43 5 44 1 45 4 48 3 49 2 50 4 53 2 54 3 55 5 56 2 59 4 60 2 61 2 64 1 65 4 66 5 67 1 68 3 69 3 70 4 71 2 72 2 75 1 76 4 79 2 80 3 82 3 84 2 85 2 86 2 87 1 89 2 91 2 92 5 94 3 97 1 99 4 
14 3 2 7 1 8 4 11 4 12 3 13 5 14 3 15 1 17 1 18 3 19 2 20 1 21 4 22 4 23 1 24 3 25 4 28 1 29 5 30 5 31 4 32 4 33 5 34 2 35 1 36 5 37 3 38 5 39 1 40 3 41 2 42 3 43 4 44 5 47 3 48 2 49 2 50 1 51 5 52 4 55 2 56 2 57 4 58 4 61 2 62 5 63 2 64 4 67 5 70 2 71 5 72 4 73 5 77 3 78 5 79 3 80 3 81 1 82 1 83 1 85 5 87 5 89 2 90 4 93 1 96 3 97 5 98 2 99 4 
15 3 3 4 5 5 4 9 4 12 3 13 2 16 2 17 1 19 5 20 4 21 2 22 3 25 3 27 2 28 3 29 2 31 1 34 4 36 5 37 1 38 1 39 4 41 1 42 3 43 2 44 4 45 3 49 4 50 1 51 3 52 2 53 3 56 2 57 2 59 3 60 2 63 1 64 4 65 2 66 3 67 3 69 1 70 1 71 3 75 4 78 5 80 3 82 4 83 3 84 4 85 1 86 3 87 4 88 1 89 5 90 2 91 1 92 1 93 4 94 3 96 2 97 5 98 1 99 1 
16 4 3 5 3 6 3 7 3 8 1 9 2 10 2 11 2 12 1 17 1 18 3 19 4 20 5 21 2 23 4 24 3 25 4 27 4 28 2 30 1 32 2 33 4 36 5 37 2 38 1 39 5 44 3 45 4 46 5 47 1 48 3 49 3 51 3 52 2 53 5 54 5 55 3 56 4 58 3 60 5 62 3 63 5 65 1 66 2 67 4 69 4 70 2 71 2 74 1 75 2 77 5 78 3 79 5 80 5 81 5 83 3 84 4 85 1 86 4 87 5 90 2 91 5 93 4 94 4 96 1 98 5 99 1 
17 1 2 2 2 3 1 4 3 6 3 7 1 8 2 10 4 11 3 12 1 13 4 15 4 16 1 17 4 18 3 20 4 21 2 22 3 23 3 24 4 25 5 28 5 29 3 30 1 32 4 33 2 35 5 37 1 38 2 40 5 41 5 45 5 46 5 47 3 48 2 50 2 52 3 53 1 54 5 55 4 57 3 58 5 60 4 62 4 63 5 66 2 67 2 70 5 71 3 72 5 73 3 74 5 75 2 78 1 79 2 80 1 81 5 83 3 87 1 88 4 89 1 91 5 92 1 93 3 94 1 97 5 98 4 99 4 
18 1 4 2 5 3 3 6 3 7 5 8 1 9 3 10 2 11 2 12 3 13 3 14 2 16 2 17 5 18 4 19 1 21 4 22 1 23 4 25 4 30 2 31 5 32 5 33 4 34 1 35 4 36 1 37 4 39 4 40 5 41 1 42 5 45 3 46 5 47 3 49 1 50 2 51 2 53 1 54 2 55 3 56 5 58 4 60 3 61 4 62 5 63 3 64 2 65 2 66 5 67 2 68 3 70 3 71 5 72 5 73 4 74 1 76 3 77 2 78 5 79 2 80 5 81 1 82 2 83 1 84 2 87 5 91 1 95 5 96 3 97 3 98 5 99 3 
19 1 5 3 3 4 5 5 5 6 2 8 5 9 5 11 2 12 3 13 1 14 3 15 3 17 2 19 2 21 1 22 3 23 5 27 3 28 3 29 4 31 3 33 3 34 5 36 2 38 1 39 3 40 4 42 4 43 3 44 1 45 3 46 1 47 4 48 1 50 4 52 5 53 2 54 3 56 2 57 5 59 5 60 3 63 5 64 3 65 2 66 1 67 1 68 5 69 2 70 5 72 3 74 1 75 5 77 2 78 2 79 5 80 1 82 1 83 3 84 4 87 2 88 5 90 2 91 1 93 3 94 3 99 3 
20 2 3 3 5 4 3 5 5 8 2 10 5 11 3 12 3 16 5 17 5 18 1 19 1 20 4 21 4 22 1 24 3 26 4 27 2 29 1 31 2 32 5 33 3 34 2 35 1 36 1 37 5 38 2 39 2 41 3 43 1 46 1 47 5 48 4 53 4 55 3 56 5 57 1 58 4 59 2 61 5 62 4 63 5 64 3 65 4 66 1 69 4 70 4 75 1 76 2 79 4 80 3 81 3 82 5 83 4 84 5 87 2 90 2 91 3 92 3 93 1 94 3 95 1 97 3 
21 1 5 2 5 3 5 7 4 9 1 10 5 11 5 14 4 15 3 16 3 18 4 19 3 20 1 21 4 22 3 23 2 24 4 25 3 26 2 27 3 28 3 29 5 30 1 32 5 33 3 34 1 35 4 36 2 42 2 45 4 46 1 50 2 52 5 53 2 54 3 56 1 57 4 58 3 61 3 62 5 66 5 68 5 70 3 71 2 74 3 75 5 77 3 78 3 79 1 83 4 84 3 85 1 86 3 87 2 88 2 90 1 91 5 92 3 93 3 94 1 96 1 98 1 
22 1 4 2 3 3 4 4 5 5 1 7 2 10 5 11 1 12 3 13 4 16 5 17 2 19 2 20 5 21 1 22 5 23 2 25 4 26 1 27 2 29 5 30 2 31 3 32 5 33 3 34 5 35 2 36 5 38 2 39 5 41 3 42 4 43 5 46 1 48 2 49 4 50 2 51 4 53 5 54 5 55 2 56 3 58 5 59 4 62 3 63 4 64 4 66 3 67 2 68 4 69 4 70 3 71 5 72 1 73 4 74 2 75 5 77 3 78 5 79 1 80 5 81 2 83 3 84 5 87 4 88 4 89 1 90 2 91 2 92 4 94 1 98 2 99 1 
23 1 1 3 1 4 2 5 5 6 2 7 4 9 4 11 2 12 5 13 2 14 5 16 5 17 5 18 5 20 2 22 4 25 1 28 5 30 3 31 4 32 5 34 4 35 2 36 2 37 4 40 5 41 1 44 3 45 4 46 4 50 4 51 4 52 1 55 1 57 5 58 5 59 1 60 1 61 1 62 3 66 4 67 4 70 4 71 2 74 1 75 3 77 3 79 3 80 1 82 4 83 1 84 1 85 2 86 4 88 5 89 4 90 1 92 4 93 3 95 5 96 3 97 3 98 3 99 2 
24 1 1 2 2 3 2 4 2 5 5 10 4 11 4 12 2 14 3 15 5 16 4 17 3 18 2 19 1 20 1 21 4 22 1 23 2 24 3 25 1 26 1 27 2 28 1 29 2 30 5 31 3 32 5 33 5 35 1 37 4 38 3 40 5 41 3 43 2 44 1 45 3 47 1 48 4 49 1 53 2 54 5 55 2 56 4 57 2 59 1 60 1 61 1 62 3 63 5 65 2 66 2 67 4 68 2 70 2 71 2 72 5 73 4 74 2 75 2 76 2 77 2 79 4 80 3 81 2 83 4 84 3 85 2 87 5 88 1 92 3 93 4 94 1 95 1 96 4 97 2 98 1 99 2 
25 1 4 2 3 3 1 6 5 8 1 9 3 10 5 11 5 12 3 13 1 15 5 16 2 17 3 18 4 19 2 20 4 21 2 22 3 23 4 27 5 28 4 29 1 30 2 31 3 32 2 33 3 34 4 35 2 38 4 40 3 41 3 42 5 43 3 45 1 48 2 49 4 50 1 52 3 54 4 55 2 56 5 57 2 58 4 59 1 61 5 62 5 63 1 64 2 65 4 68 4 72 4 73 4 74 5 75 5 77 4 79 1 82 4 83 1 84 2 85 1 87 1 88 4 89 4 90 2 91 3 92 4 93 5 95 4 96 2 97 2 98 2 99 2 
26 1 3 3 3 4 2 6 5 7 5 8 3 9 1 10 2 11 4 12 1 13 2 14 2 16 4 20 4 21 3 24 5 26 1 27 1 28 1 30 5 32 5 33 4 37 1 38 5 40 3 44 5 45 3 46 2 47 1 48 3 50 2 51 3 52 4 58 1 59 1 61 1 62 5 64 2 65 4 66 3 67 1 68 4 69 1 70 2 71 4 72 4 74 2 75 4 77 5 78 2 79 2 80 5 81 2 83 2 84 1 85 2 86 2 88 2 89 1 91 2 92 3 93 4 96 4 97 4 98 4 99 1 
27 1 3 2 1 4 5 5 4 7 4 9 2 10 4 11 2 12 4 13 4 15 4 19 4 20 3 21 2 22 4 23 5 26 1 27 1 29 1 30 5 31 3 32 1 33 4 35 1 36 4 37 3 38 1 39 4 40 2 41 2 42 4 43 2 44 4 48 1 49 3 51 2 52 1 55 4 56 2 57 2 58 5 60 5 61 1 62 1 63 1 65 3 68 3 69 5 70 5 72 4 73 5 74 2 76 5 77 2 82 3 83 4 84 2 85 3 87 3 90 2 91 5 95 3 97 1 99 1 
28 3 3 4 2 5 1 7 4 8 3 9 2 11 4 12 5 14 5 15 4 17 5 19 2 20 2 21 5 24 3 26 4 27 3 28 4 29 3 30 4 31 4 34 2 39 2 40 5 41 4 43 1 44 4 45 5 47 5 49 3 50 4 52 2 53 5 54 4 56 2 59 5 60 3 61 2 62 3 63 2 64 1 65 5 66 5 67 2 68 5 71 3 72 2 73 2 74 2 76 5 77 4 78 4 79 2 80 4 81 1 82 1 83 2 84 4 85 1 88 3 89 3 91 2 92 2 93 5 95 5 98 2 99 3 
29 1 2 2 5 3 1 5 2 7 5 8 2 9 4 10 5 11 2 13 2 14 1 17 4 19 2 20 5 22 5 23 2 25 4 26 4 29 1 30 4 31 5 34 4 35 3 36 4 38 3 39 1 40 4 42 3 44 1 45 5 49 5 51 1 52 4 53 3 55 2 57 4 64 3 65 2 67 5 68 2 69 1 70 2 71 2 73 4 75 2 77 2 78 1 80 5 81 5 82 5 83 3 84 5 85 2 86 5 87 2 88 3 89 3 90 1 91 5 92 2 93 4 94 5 96 2 98 1 99 3 
30 1 4 3 4 9 2 10 2 12 5 14 1 15 5 16 4 17 1 18 4 19 1 20 3 21 5 22 5 24 4 25 1 26 1 28 5 29 5 30 5 31 2 33 4 34 1 35 5 37 1 39 2 40 1 41 3 42 4 44 2 45 2 47 2 48 5 49 5 50 2 52 2 53 4 54 1 55 3 56 2 57 3 58 5 59 1 60 2 61 5 62 1 63 4 65 2 66 2 67 5 68 2 69 4 71 1 72 1 73 4 74 3 77 4 79 4 80 5 82 2 83 1 84 4 85 1 86 3 87 4 88 1 89 5 90 1 92 4 93 5 94 4 96 3 98 5 99 5 
31 3 2 4 1 5 3 6 4 8 5 10 3 11 4 12 5 13 3 15 4 16 5 18 5 19 1 20 1 21 4 22 1 23 5 24 4 25 5 29 3 30 5 31 2 32 4 33 3 34 4 35 4 36 2 38 5 39 1 42 4 43 3 44 2 45 1 46 3 47 5 49 1 50 5 54 3 55 4 56 1 59 1 60 4 62 3 63 1 64 5 65 3 66 4 68 3 70 5 71 2 72 5 73 2 74 3 75 2 80 1 84 1 85 5 86 3 88 3 89 1 90 5 92 4 93 1 94 3 95 2 96 3 97 2 99 4 
32 1 2 2 5 5 3 6 3 7 2 8 2 9 3 10 2 11 5 13 2 14 5 16 3 17 1 20 3 25 1 26 3 27 2 29 3 31 4 32 3 34 4 35 3 37 3 40 1 41 5 42 4 43 2 44 2 45 5 46 5 47 3 48 1 49 2 51 4 52 3 53 1 54 2 55 4 56 4 57 5 58 1 59 1 60 2 61 2 62 5 64 3 65 1 66 4 68 2 69 2 70 5 71 4 72 4 73 5 77 4 81 2 82 1 83 2 86 5 87 5 90 1 92 2 94 2 96 5 98 3 99 2 
33 1 2 4 2 6 3 8 3 9 2 10 4 12 2 13 4 14 2 16 3 17 1 18 3 19 5 20 3 21 1 25 2 26 3 27 5 29 5 30 1 33 1 36 2 39 4 40 1 43 5 44 4 46 3 50 4 52 3 54 1 55 1 56 4 57 4 58 1 59 5 61 5 62 4 64 3 65 4 66 1 68 3 71 1 72 2 73 4 75 4 76 4 79 4 80 4 81 1 82 1 83 1 85 4 86 5 87 3 88 1 90 5 92 4 94 4 95 3 96 5 97 4 
34 1 2 2 5 3 1 4 4 5 1 7 1 8 3 9 2 10 4 11 4 13 5 15 1 16 2 17 2 20 2 21 3 22 4 23 3 24 2 25 2 26 2 27 4 29 2 31 2 32 4 33 2 34 5 35 5 36 1 38 1 40 2 41 2 42 5 43 2 45 1 46 3 48 3 49 5 50 5 52 2 54 2 56 3 58 3 59 1 60 1 61 3 62 4 66 3 67 1 68 5 69 4 72 5 74 1 75 1 77 1 80 5 81 1 84 4 85 4 86 3 87 4 89 5 90 1 91 5 93 2 94 3 95 4 97 3 98 5 99 5 
35 2 3 3 4 4 2 5 4 8 4 9 2 10 3 11 4 14 3 15 1 18 2 19 4 20 2 21 3 23 1 24 4 25 5 28 2 29 5 30 5 31 1 32 1 33 2 34 1 35 5 36 4 39 3 40 4 41 2 42 4 43 4 44 2 45 3 46 5 47 3 48 3 50 4 54 1 55 1 56 5 57 3 58 3 59 4 61 4 62 4 63 2 64 3 65 5 67 2 70 2 72 3 74 1 77 3 78 2 79 1 80 4 81 5 82 3 83 1 85 2 87 2 89 1 90 4 91 2 93 4 94 4 95 5 96 1 98 4 99 2 
36 1 1 7 5 8 2 9 3 10 2 11 4 12 1 13 3 17 4 18 5 19 3 20 2 21 3 22 3 24 4 28 5 30 5 32 1 33 5 34 2 35 3 36 3 37 1 38 4 39 2 40 3 41 3 42 5 44 1 46 1 47 1 48 3 49 5 51 3 53 1 54 3 56 4 57 2 59 5 62 5 64 3 65 2 66 1 67 4 68 3 69 3 70 1 71 3 74 3 75 4 77 4 78 3 80 1 81 1 84 1 87 5 88 2 90 5 91 5 92 4 93 4 94 3 96 2 97 2 98 4 99 3 
37 1 4 2 3 4 5 5 1 6 4 7 2 8 4 10 5 11 3 12 2 13 4 14 2 16 5 19 3 20 5 21 2 23 2 24 3 26 3 28 3 29 4 30 5 31 5 32 2 33 1 34 5 35 3 38 2 39 4 41 3 42 1 44 4 45 3 46 4 47 3 51 1 53 1 54 1 56 1 58 4 61 1 62 2 63 1 64 4 66 2 67 4 69 2 71 2 72 1 74 2 75 2 76 3 79 2 80 5 81 1 82 2 83 5 85 3 86 5 87 4 88 1 89 2 91 3 92 1 94 5 95 1 96 1 98 1 
38 2 5 4 5 5 5 8 1 9 2 10 1 12 2 14 1 15 1 16 4 18 1 19 2 20 5 23 5 25 3 26 4 28 4 29 1 30 4 31 2 32 2 33 5 35 5 36 5 38 2 42 1 43 2 45 3 46 3 47 3 48 2 49 5 50 3 53 2 55 5 57 4 58 3 59 1 60 5 62 3 63 5 65 2 66 5 67 5 69 5 71 2 72 2 73 2 74 5 76 5 77 2 80 4 81 1 83 2 84 3 85 1 86 5 87 3 88 3 89 2 90 4 91 1 92 3 94 3 95 4 96 5 97 3 98 1 
39 1 1 3 1 5 4 7 2 8 5 9 5 10 2 11 2 12 2 14 3 15 5 16 4 17 1 18 2 20 3 21 2 22 5 23 2 24 3 25 3 26 1 27 2 28 5 29 2 30 2 31 4 32 2 34 3 35 4 36 5 39 2 40 2 42 2 43 4 44 2 45 5 47 3 48 3 49 1 51 1 52 5 53 2 54 1 56 5 57 4 59 2 60 3 61 3 63 4 64 3 65 3 66 2 67 3 68 3 69 2 70 3 71 3 73 4 74 5 75 3 76 3 77 5 79 2 80 1 81 5 84 5 85 5 86 3 87 2 88 5 91 3 92 1 95 5 97 4 98 3 99 5 
40 1 5 4 5 6 2 7 5 8 2 9 2 10 1 11 1 12 4 13 1 14 2 15 1 16 2 17 4 19 1 20 5 24 3 27 3 28 2 34 4 35 4 36 4 37 1 38 1 39 5 40 2 42 4 44 1 46 3 47 1 51 4 53 5 55 1 56 5 58 1 59 5 60 1 61 5 62 1 63 3 65 4 66 3 67 2 70 4 71 5 72 2 73 3 74 5 75 3 76 5 78 2 80 4 81 2 82 4 83 1 84 3 85 5 87 4 88 4 91 3 92 4 93 3 96 2 98 1 
41 1 2 2 3 3 3 4 2 8 3 9 3 10 5 11 2 12 5 13 2 14 4 17 4 18 1 19 3 21 4 22 1 24 1 25 4 26 4 28 2 29 4 30 4 31 1 32 4 33 4 34 2 35 4 36 2 38 2 39 4 40 3 41 5 42 5 43 2 44 4 46 2 47 2 48 5 49 3 50 3 51 3 53 5 54 5 55 3 56 4 57 2 59 3 63 2 65 1 66 3 67 1 68 3 69 1 71 5 72 1 73 4 76 1 77 1 78 3 79 5 81 2 83 2 85 3 86 2 88 4 89 1 90 2 91 5 92 4 94 1 95 3 96 2 97 4 98 3 99 5 
42 1 2 2 3 3 5 5 5 7 3 8 3 9 1 11 1 12 5 13 4 14 3 16 2 17 4 18 1 19 2 22 2 23 1 24 2 26 3 27 1 28 4 29 1 32 5 33 3 34 1 36 5 38 4 39 1 40 2 41 2 42 2 43 1 44 1 45 1 47 3 48 2 49 1 50 1 51 3 52 4 53 5 54 3 55 1 56 1 57 1 59 5 60 4 61 2 63 5 64 5 65 2 66 2 68 3 69 1 70 2 71 2 73 1 75 2 77 4 78 1 79 3 82 4 83 2 86 2 88 3 90 5 91 4 93 5 94 1 96 1 97 5 98 3 99 5 
43 3 4 4 3 6 4 7 1 8 1 11 2 12 1 14 5 16 2 18 5 19 4 20 3 21 4 22 2 23 1 24 4 25 2 27 1 28 5 30 3 31 5 34 3 35 1 37 2 38 2 40 1 41 5 42 4 44 3 45 2 48 3 49 4 50 3 51 1 52 3 53 2 54 5 55 2 56 2 57 2 58 2 59 2 60 4 62 3 64 4 65 2 66 1 67 4 70 1 72 2 74 2 75 4 76 1 77 4 78 3 79 5 80 5 82 1 84 5 85 2 86 5 88 5 90 5 91 4 92 5 93 1 94 1 95 5 96 1 98 1 
44 1 4 2 2 3 5 4 1 6 5 8 4 10 1 11 4 12 3 14 5 15 1 16 1 17 2 19 3 20 2 21 2 22 4 24 4 26 3 27 3 28 1 29 4 30 4 31 1 34 5 35 4 37 4 39 4 41 2 42 5 43 2 46 4 47 2 48 5 49 2 50 2 51 5 52 3 53 2 57 1 58 2 59 2 60 2 62 5 63 1 65 1 66 4 67 1 68 2 69 5 70 2 71 5 72 2 73 3 76 3 77 3 78 1 79 5 82 3 83 3 85 5 87 4 89 4 90 1 93 5 94 2 96 2 97 2 98 1 
45 1 1 5 2 8 5 10 1 11 2 13 5 15 2 16 3 17 1 23 3 24 4 26 1 27 4 29 4 30 2 32 2 33 3 34 3 37 5 38 3 40 2 41 2 43 3 45 3 47 2 48 3 52 2 53 5 54 1 57 3 58 3 60 3 61 3 65 5 67 1 68 2 69 3 70 2 71 2 72 4 73 5 76 5 77 3 78 1 79 5 80 3 82 5 83 2 84 4 85 2 86 4 87 4 92 4 94 5 95 4 96 4 97 1 99 2 
46 1 2 2 1 4 5 5 2 6 2 7 3 8 1 9 4 10 5 12 5 14 3 15 1 16 4 17 5 18 5 19 1 21 2 23 1 24 1 26 3 29 3 33 5 34 2 40 4 41 3 42 4 43 2 44 2 45 3 46 1 47 3 48 5 49 2 50 5 52 1 54 1 55 4 56 1 57 4 59 4 60 5 62 3 64 3 65 4 66 5 67 5 68 5 69 5 70 1 71 4 73 1 74 5 76 1 78 3 79 2 80 5 81 2 82 3 83 3 84 4 85 2 86 4 87 4 88 4 89 5 90 1 91 1 94 1 95 3 96 4 98 5 99 1 
47 1 4 2 3 3 4 4 5 5 3 6 5 7 2 10 4 12 2 13 4 14 5 15 2 16 5 17 4 18 2 19 2 20 1 21 3 22 4 23 2 24 3 25 4 26 2 27 2 29 3 31 5 32 1 33 2 34 5 35 1 36 1 37 1 38 4 39 2 41 4 42 4 43 1 44 4 45 2 46 5 47 5 48 1 50 2 51 1 52 2 53 2 54 1 55 1 56 4 57 1 58 5 59 2 63 5 65 3 67 2 68 3 70 5 71 1 72 2 73 4 74 2 75 5 76 4 78 1 79 3 80 2 81 3 82 5 83 2 84 1 85 4 86 2 87 5 91 2 92 2 93 2 94 5 95 4 96 2 98 5 
48 1 4 3 2 8 5 11 5 13 5 14 4 15 2 16 5 17 3 19 4 21 1 22 5 23 2 24 2 26 2 28 4 29 5 31 3 32 5 33 4 34 2 36 1 37 1 38 3 39 4 42 3 43 2 44 1 45 1 47 4 48 2 49 3 50 2 51 2 52 1 53 2 54 5 55 2 56 2 57 4 59 4 60 1 61 4 62 4 65 3 67 1 68 4 69 4 70 2 71 1 72 1 73 2 74 2 77 1 78 1 79 2 80 3 81 5 82 4 83 2 84 4 85 4 86 4 87 1 89 3 90 3 93 5 94 1 95 4 99 4 
49 1 3 2 3 3 3 4 4 5 5 6 2 7 5 8 4 9 4 10 5 11 5 12 2 13 2 14 1 15 1 16 4 17 2 18 2 20 4 22 4 23 5 24 1 26 5 27 4 28 4 29 1 30 4 31 4 32 3 33 3 34 4 36 1 37 5 38 5 39 3 40 3 41 3 42 5 43 5 44 1 45 2 46 3 48 2 50 5 53 2 54 2 55 4 56 2 57 1 58 4 60 4 61 2 62 2 63 2 64 4 65 3 68 5 69 4 71 5 72 4 73 3 74 1 76 5 77 2 79 1 81 1 82 3 83 5 84 1 87 3 88 1 89 1 90 1 91 2 92 1 94 5 95 4 96 2 97 4 
50 1 5 3 3 4 2 5 2 7 5 8 3 10 1 11 5 12 1 13 1 14 2 15 1 16 5 17 1 19 5 21 5 22 4 25 4 26 3 27 2 28 2 29 5 31 4 32 1 34 5 36 4 37 4 42 4 45 5 47 1 48 5 50 3 51 3 52 1 53 1 54 5 55 1 56 2 57 2 60 4 61 3 63 5 64 2 65 3 66 1 67 4 68 5 69 4 71 4 72 3 73 3 74 4 77 3 81 2 82 3 83 5 85 1 86 1 87 2 88 3 90 2 93 5 94 3 95 5 96 2 97 5 98 1 99 5 
51 1 3 4 4 5 5 6 3 7 1 10 4 13 3 14 3 15 2 16 4 17 2 18 4 19 5 20 2 21 3 24 3 27 5 28 5 29 4 32 5 33 2 34 4 36 4 38 1 39 4 40 4 41 2 42 3 43 3 44 2 45 2 47 4 49 3 53 4 54 5 55 2 56 3 57 4 59 3 60 5 61 2 62 4 64 1 65 5 67 3 68 5 69 5 70 2 71 4 72 2 74 3 75 5 77 4 78 1 79 1 80 5 82 4 83 1 84 2 85 4 87 4 88 1 90 2 91 2 92 4 96 4 98 1 99 3 
52 1 2 2 3 3 5 4 3 6 4 8 2 10 3 12 4 13 1 14 2 16 4 17 4 18 3 19 4 20 4 21 3 22 5 23 3 24 1 26 3 27 4 29 1 30 4 31 1 32 4 35 1 36 5 37 5 39 2 40 1 41 3 42 4 43 1 45 4 47 2 48 4 49 5 51 2 52 3 53 5 55 2 56 4 57 5 58 5 59 3 61 2 62 4 63 2 64 3 65 2 66 5 67 1 69 4 70 4 71 2 72 4 73 4 75 2 76 4 77 1 80 5 81 5 82 1 84 2 88 4 89 3 92 4 93 4 94 4 96 5 98 3 
53 2 1 3 4 4 4 5 3 6 2 8 4 9 3 10 1 11 1 12 5 13 2 14 2 15 2 16 1 18 3 19 3 20 3 23 5 24 4 25 1 26 3 28 2 29 4 30 3 32 1 33 2 34 1 35 3 37 2 38 5 39 5 40 4 42 3 44 1 46 2 48 2 49 5 50 1 51 4 52 1 53 2 54 1 55 3 56 4 57 5 59 2 60 1 61 3 62 1 63 1 71 3 72 3 74 3 76 2 77 2 79 2 80 5 83 3 85 5 86 4 87 5 88 1 91 3 94 4 95 4 96 3 97 2 98 1 
54 1 3 4 1 6 2 7 1 8 3 9 3 10 1 11 3 12 3 15 1 17 1 18 3 19 4 21 4 22 5 23 2 24 5 25 4 26 2 27 5 28 1 30 3 32 4 33 4 34 1 35 4 36 1 37 2 38 2 39 5 40 5 43 5 44 4 45 4 46 3 48 2 49 1 50 2 53 3 54 3 55 4 56 2 57 5 61 3 62 3 63 2 64 4 66 5 67 1 68 2 69 2 70 2 71 2 72 5 73 1 74 5 75 5 77 3 78 5 79 1 80 3 81 1 83 4 84 4 85 4 86 4 87 2 88 3 89 4 90 5 91 3 92 5 95 1 97 4 98 3 99 4 
55 1 1 4 3 5 2 8 2 9 1 10 2 11 4 13 3 15 1 18 2 20 2 21 5 22 3 23 1 24 4 25 5 28 4 29 5 30 3 31 4 33 2 34 2 36 3 42 1 44 2 45 5 46 5 47 1 48 5 49 3 50 1 51 1 52 2 56 5 57 2 58 4 59 4 60 2 61 1 62 3 63 1 64 1 66 1 68 4 69 4 70 2 71 2 73 5 74 1 77 3 78 5 80 2 81 3 85 1 87 2 88 5 90 1 91 4 92 4 94 3 95 1 96 2 97 1 98 2 
56 3 5 4 4 5 4 6 5 8 1 11 2 15 5 16 3 18 4 19 3 20 1 22 3 23 5 24 2 25 1 26 5 27 2 28 2 31 3 32 3 34 4 35 3 36 3 37 5 39 3 41 1 42 4 43 2 44 2 45 5 46 4 48 3 50 4 53 3 54 2 55 2 57 4 58 5 59 1 62 2 63 4 64 1 65 4 68 2 72 4 73 1 75 5 76 5 77 1 78 1 79 3 80 2 81 3 83 2 84 3 85 3 86 5 87 3 88 2 89 4 90 5 92 2 93 5 94 4 95 1 96 5 97 3 
57 2 1 3 2 4 5 5 4 6 4 7 4 11 1 12 4 14 1 15 3 20 5 22 5 23 2 24 3 25 1 27 4 28 2 29 1 30 2 31 4 32 5 33 3 34 4 35 3 38 5 39 2 40 2 41 3 42 1 44 4 46 1 47 1 48 3 49 2 50 2 51 1 53 2 54 5 56 3 58 4 59 4 60 2 61 4 62 3 63 2 64 2 66 4 67 1 68 3 69 5 70 2 71 2 72 5 73 4 74 5 75 2 76 5 77 1 80 5 81 2 82 4 83 5 84 4 85 2 86 4 87 3 89 1 90 3 91 5 93 2 94 4 96 1 97 3 98 2 99 4 
58 1 3 4 3 7 4 8 5 9 2 11 5 12 1 13 2 14 4 16 3 18 3 20 1 21 5 22 2 23 2 24 5 25 4 27 4 28 2 30 2 31 4 32 4 35 1 36 5 37 5 38 2 39 3 40 4 41 1 42 3 43 4 47 4 48 5 49 5 50 1 51 2 55 2 56 3 58 3 59 2 60 4 61 1 62 3 66 5 67 2 68 4 70 3 71 4 72 2 73 5 74 4 75 3 76 5 78 2 79 4 80 2 81 4 82 5 83 4 84 5 85 3 87 1 88 1 89 1 90 1 91 1 92 2 93 3 94 3 96 4 97 3 98 3 99 4 
59 1 5 2 4 3 2 4 3 5 5 6 3 7 4 8 3 10 4 11 1 12 2 13 5 14 5 15 4 16 3 17 2 18 2 19 1 23 4 24 2 25 4 26 4 27 4 29 1 33 4 34 3 35 2 36 1 38 2 39 1 41 4 42 2 43 3 44 3 45 4 46 2 47 3 50 4 51 3 53 1 54 3 55 5 56 2 57 5 58 2 59 2 60 2 61 3 68 3 69 3 70 1 71 2 72 3 73 4 75 3 76 4 77 5 79 3 80 5 83 2 84 2 85 2 86 4 89 5 90 2 91 3 92 2 94 5 96 2 97 2 99 5 
60 1 5 2 2 3 3 4 3 7 4 8 3 9 3 10 3 11 5 12 2 15 1 17 1 18 3 19 2 22 3 23 1 25 1 26 5 32 1 34 3 36 5 37 1 39 5 41 4 42 2 44 2 45 5 46 3 47 3 49 3 50 3 51 1 53 1 54 1 55 3 56 5 57 3 58 2 59 3 61 1 63 2 64 3 67 1 68 2 69 5 70 4 71 3 72 4 73 3 74 3 75 2 82 5 83 4 84 4 86 3 88 2 90 2 91 2 92 2 93 2 94 2 95 3 96 5 97 2 98 4 99 3 
61 1 2 2 2 3 1 4 3 5 4 6 2 10 2 12 3 13 5 14 2 15 1 17 4 22 2 28 5 29 3 30 5 33 5 36 1 37 4 38 1 39 1 40 2 41 1 42 5 43 4 45 1 47 2 48 5 49 4 51 3 53 2 54 1 55 2 56 1 57 3 59 1 61 5 62 2 63 4 64 4 67 2 69 2 73 3 75 3 76 1 79 4 81 2 82 4 83 5 84 2 85 4 86 1 87 4 88 5 89 3 92 2 93 1 94 1 96 3 97 5 98 5 
62 2 5 3 4 5 1 7 5 8 3 9 3 10 3 11 3 12 5 13 3 14 2 15 4 16 1 17 5 18 2 19 5 21 1 22 5 24 2 25 1 26 1 27 1 28 5 29 4 30 5 32 5 34 2 36 3 39 2 40 4 41 2 43 5 44 4 45 3 47 3 48 4 49 1 51 5 54 4 55 1 57 1 58 4 59 3 60 5 61 2 62 3 63 4 64 5 65 5 66 4 67 4 68 2 69 2 72 2 74 4 75 5 78 2 79 3 80 2 81 2 82 5 83 5 84 1 86 4 87 3 90 3 91 1 95 5 97 5 98 1 
63 1 2 2 4 3 4 5 4 6 4 8 1 12 5 14 2 15 3 16 3 17 2 18 4 19 4 20 3 21 4 22 1 23 3 24 3 25 4 27 1 28 1 30 4 31 4 33 1 38 3 40 1 41 1 42 3 44 3 45 1 47 5 48 5 49 3 50 5 52 2 53 4 55 2 57 2 59 5 63 4 64 1 65 1 68 3 70 4 71 1 72 3 74 3 75 4 76 3 78 4 80 1 81 4 82 4 83 3 84 5 85 2 86 5 87 4 88 3 90 1 91 4 92 3 93 3 94 3 95 4 97 4 98 3 
64 1 2 4 5 5 4 6 5 7 3 8 5 9 5 10 1 11 4 12 1 13 5 14 4 15 4 18 1 19 3 20 1 21 4 22 5 23 1 24 3 31 2 32 3 33 3 34 1 35 4 36 1 37 4 38 4 39 2 41 3 45 2 47 3 48 3 49 1 51 4 53 5 56 3 57 4 58 1 60 4 62 1 64 5 66 4 68 1 74 1 75 4 77 3 78 3 79 1 81 5 83 3 87 5 88 5 89 1 90 5 92 5 93 4 94 3 95 5 96 4 99 2 
65 1 2 5 3 6 4 7 1 8 4 9 1 10 3 12 5 14 1 15 5 17 2 19 2 20 5 22 2 23 3 26 1 27 2 29 1 30 5 31 3 34 4 38 3 39 4 41 4 42 3 43 2 44 3 46 1 47 2 48 2 50 1 52 4 53 5 54 3 55 1 56 4 58 3 60 5 61 1 62 5 64 2 65 2 66 1 67 2 68 1 69 2 70 3 71 4 73 4 74 4 76 2 77 2 78 1 79 4 80 4 81 1 82 5 83 1 84 1 85 3 86 3 87 3 88 2 91 5 92 5 93 3 94 2 95 3 96 2 98 4 99 2 
66 1 4 3 5 4 4 6 5 7 3 8 2 9 2 10 1 12 5 13 4 14 2 16 3 17 1 19 5 22 2 23 1 24 3 26 1 27 4 28 2 29 5 31 3 32 2 34 1 36 2 37 2 38 2 39 2 41 3 43 4 46 3 47 5 48 2 49 4 50 5 53 2 54 3 55 5 56 3 57 1 58 4 59 4 61 2 64 3 65 2 67 5 70 4 72 4 74 1 75 4 76 5 79 1 80 3 81 3 83 5 84 4 86 1 87 1 89 2 90 2 91 3 92 5 93 3 95 1 96 1 98 3 99 3 
67 1 3 2 1 3 2 6 2 7 3 9 5 10 1 13 1 14 4 15 4 17 5 18 4 21 2 22 4 23 1 25 5 26 2 28 3 29 4 30 5 31 1 32 5 33 5 34 1 35 1 37 1 39 3 40 1 41 5 42 5 43 2 45 5 46 5 48 2 50 3 51 3 52 4 54 2 55 5 56 1 57 4 61 1 63 5 64 2 65 2 66 3 69 5 72 2 74 4 76 5 77 3 78 1 79 5 80 2 81 1 82 1 83 5 85 3 86 1 87 2 88 3 89 2 90 5 91 4 92 4 93 4 94 3 97 1 98 4 
68 1 1 3 5 5 3 6 4 7 5 8 1 9 5 10 1 11 1 12 2 13 1 14 5 15 4 16 3 17 2 18 1 20 3 21 2 22 2 24 5 28 5 29 5 30 4 32 2 34 5 35 4 37 3 38 3 39 4 40 5 41 4 43 5 44 2 45 4 46 5 48 2 49 2 51 5 52 2 53 4 55 3 57 3 58 3 59 2 61 3 62 3 63 4 64 3 65 1 66 2 67 3 69 4 71 4 73 3 74 2 76 4 77 1 80 4 81 3 82 2 84 4 85 4 88 3 89 3 90 5 91 1 92 3 94 2 95 4 96 1 97 2 98 4 
69 1 5 2 1 3 3 5 3 7 4 8 1 9 2 10 4 11 2 12 3 13 1 15 5 16 2 17 2 18 3 19 1 20 1 21 1 22 2 24 5 26 4 27 3 28 4 29 2 30 2 32 1 33 5 34 1 35 3 37 2 38 2 40 1 42 1 44 5 45 2 46 4 48 5 50 3 52 4 54 1 55 3 56 4 61 5 64 3 65 5 66 5 67 4 68 1 71 5 72 4 73 5 74 1 78 3 81 5 82 3 83 2 86 4 87 2 88 5 90 3 92 3 95 3 96 5 97 2 99 2 
70 1 4 3 4 4 3 6 1 7 5 9 5 10 3 11 2 12 1 13 5 14 3 15 5 17 4 20 4 21 4 22 4 24 1 26 4 30 5 31 4 32 5 34 5 35 3 36 3 37 5 38 2 39 4 40 1 41 5 42 2 44 2 45 3 46 5 47 3 49 4 51 2 54 1 55 3 56 2 57 2 58 2 60 1 61 5 62 2 63 2 64 3 65 1 69 2 70 4 71 1 73 2 76 5 78 1 79 1 80 3 81 5 82 1 85 3 87 1 89 3 90 5 92 4 93 3 96 3 97 2 98 1 99 3 
71 1 1 2 2 3 3 4 1 6 4 7 1 11 2 12 1 13 2 15 3 16 3 17 2 18 5 19 2 20 5 21 1 23 1 24 2 25 1 26 5 27 1 28 4 29 4 32 4 34 5 36 3 37 2 38 2 39 3 40 4 42 2 43 5 44 5 45 3 46 4 48 4 49 2 51 1 53 2 56 4 58 4 59 1 60 1 61 3 62 4 64 4 65 3 66 1 68 1 69 5 71 4 72 5 73 5 74 5 77 4 79 4 80 4 81 1 83 5 84 2 85 2 86 4 87 2 88 3 90 2 91 4 92 2 93 3 94 2 95 2 97 3 
72 1 4 3 4 4 4 5 2 6 5 7 5 8 4 9 4 10 1 12 2 13 5 14 4 15 1 16 5 19 5 20 2 21 4 24 4 25 2 26 5 27 3 28 3 29 5 30 1 33 2 34 5 35 4 36 1 38 5 39 4 40 2 42 1 46 3 47 5 49 5 51 1 53 2 54 3 58 5 59 4 61 2 62 1 64 1 65 5 66 1 68 5 70 2 71 3 72 2 73 3 74 3 76 5 78 2 79 4 80 4 83 5 84 2 86 1 87 1 88 4 89 3 90 3 92 3 93 3 96 1 99 1 
73 2 1 3 5 7 2 10 4 11 3 12 4 14 1 18 5 19 4 20 1 21 1 23 3 24 4 26 1 27 3 29 5 30 1 31 4 32 1 33 2 34 2 35 3 38 5 39 5 40 1 41 4 43 4 45 4 47 5 48 2 49 4 50 1 51 1 52 5 53 4 54 5 55 5 56 4 57 1 59 1 60 1 61 4 62 5 64 5 67 2 69 5 70 2 71 4 74 5 75 4 76 4 77 2 79 4 80 3 83 2 84 2 85 2 86 3 87 1 88 2 90 5 92 4 93 5 94 2 95 3 96 4 97 1 99 3 
74 2 5 3 2 5 2 6 2 7 2 8 4 9 1 10 1 12 2 14 4 15 5 17 3 18 1 22 3 23 5 24 1 26 2 27 3 28 1 29 1 30 2 32 2 33 3 35 1 38 1 39 2 40 2 42 2 43 1 45 3 47 3 48 5 49 1 50 1 51 1 52 1 54 2 56 4 57 2 58 2 60 1 61 5 63 5 64 4 67 5 68 4 69 5 70 1 72 1 73 1 75 4 76 3 77 5 78 1 79 1 80 1 81 1 87 2 89 3 90 4 91 1 92 3 93 2 94 4 95 3 96 1 97 1 98 4 99 1 
75 1 4 2 5 4 5 5 4 7 3 9 1 11 4 15 5 16 2 19 3 21 1 22 4 24 3 25 2 29 5 30 4 31 4 33 4 34 5 35 1 36 4 37 1 38 5 39 5 40 4 41 3 43 4 46 2 47 5 48 1 49 2 50 3 51 2 52 1 53 1 54 2 55 3 56 3 59 4 60 1 61 4 62 2 63 2 65 3 66 1 67 2 68 1 69 1 70 5 71 3 72 5 73 1 75 5 76 2 77 1 78 1 79 4 80 1 81 1 82 1 84 3 85 4 86 2 87 5 89 5 90 5 91 3 92 3 95 5 96 5 98 1 99 5 
76 1 5 2 2 3 1 5 3 6 3 7 1 8 1 10 2 11 2 12 5 14 5 15 4 16 5 17 3 19 2 21 4 22 1 25 5 28 2 29 4 30 4 32 1 33 4 34 2 35 2 36 2 38 2 40 1 42 1 43 1 44 4 45 5 46 2 48 5 50 5 51 1 52 2 53 1 54 3 55 1 56 3 57 5 59 4 60 1 61 4 62 2 63 2 65 1 68 3 70 4 71 1 73 3 74 4 75 2 76 5 78 5 79 5 80 3 81 2 82 5 84 5 85 1 86 2 87 2 89 1 90 3 92 4 94 3 97 5 99 2 
77 1 1 3 1 4 4 6 4 7 4 9 1 11 5 12 2 13 3 14 5 17 3 20 5 21 2 24 5 26 4 28 4 29 4 32 4 34 3 36 3 39 2 40 5 42 3 43 4 44 2 45 2 46 1 47 3 48 2 50 5 51 5 52 1 54 3 55 1 56 2 57 3 58 3 59 1 60 1 62 2 64 5 65 5 66 4 67 5 69 4 70 4 71 1 72 2 73 3 74 5 75 5 76 2 81 2 82 4 83 4 84 2 85 3 87 4 88 3 90 3 91 4 93 2 94 4 95 1 99 1 
78 2 4 3 3 9 4 10 1 12 4 13 5 15 2 16 4 17 4 18 2 20 5 21 5 23 1 26 4 27 3 28 5 29 5 31 1 33 3 34 2 35 4 36 4 38 3 40 1 41 1 42 3 43 5 45 5 46 2 47 4 48 1 49 1 51 2 52 1 53 5 56 2 57 5 58 2 59 5 61 2 62 2 64 2 65 5 66 1 67 1 68 4 73 1 74 3 75 2 76 5 77 5 79 1 80 5 81 1 84 2 85 1 86 5 87 1 88 5 89 3 90 1 92 1 93 4 94 5 95 3 97 2 98 2 99 1 
79 1 4 2 1 4 2 5 2 6 5 7 2 8 2 9 3 10 3 11 5 13 2 16 3 18 3 19 3 20 3 22 4 23 1 24 1 25 2 26 4 29 5 30 5 31 1 32 5 33 3 34 2 36 1 37 3 38 5 39 5 40 1 42 4 43 4 44 1 45 3 47 5 49 3 50 2 51 5 54 5 55 3 56 2 57 5 58 3 60 1 61 2 63 2 64 1 66 1 67 4 68 4 72 5 75 1 78 5 79 5 81 4 82 5 83 5 84 5 86 5 87 1 88 4 89 4 90 3 92 4 95 5 97 2 98 5 99 3 
80 1 2 2 5 4 5 6 5 7 4 8 5 9 2 10 1 11 2 12 3 14 1 16 2 17 3 19 4 20 5 21 2 22 2 23 5 25 3 27 3 28 5 31 4 35 4 36 1 37 1 38 2 41 2 42 5 43 4 44 3 45 3 46 5 49 4 52 2 53 1 54 1 56 1 57 3 58 1 60 3 61 1 63 1 65 4 66 2 67 2 68 5 69 2 70 1 71 5 72 5 73 3 74 4 76 2 77 4 80 5 81 4 85 1 86 3 87 1 88 2 89 3 91 2 92 2 93 2 94 2 96 5 97 1 98 1 99 2 
81 1 1 2 2 3 4 5 4 6 4 7 1 11 2 13 4 17 5 18 3 22 3 24 1 25 5 26 1 27 5 29 5 30 1 31 4 34 5 35 1 36 1 37 2 38 2 40 2 41 1 42 2 43 2 44 2 49 4 51 5 54 3 55 3 56 4 57 4 58 5 59 5 60 2 61 3 62 4 63 2 65 5 66 2 67 1 70 1 71 2 74 3 75 4 76 5 77 5 78 1 80 3 82 5 83 3 84 3 86 5 87 4 88 5 89 5 90 2 91 3 93 3 94 3 95 4 97 2 
82 1 3 2 1 3 5 4 2 5 1 6 3 8 3 9 1 11 1 13 1 15 2 16 5 17 3 18 5 20 1 21 1 22 3 25 1 26 3 27 1 29 4 30 2 31 1 32 4 33 5 34 3 35 1 37 1 38 5 43 3 45 2 49 5 52 1 53 4 56 5 57 1 58 5 59 4 60 4 61 1 63 4 64 1 68 1 69 2 70 1 71 5 72 1 74 2 75 3 76 3 78 1 80 3 81 3 83 3 84 4 86 4 88 1 90 5 91 5 92 5 94 4 95 5 96 4 97 2 99 2 
83 1 4 2 3 6 3 8 3 9 4 10 4 11 5 12 1 15 2 16 3 17 3 18 4 19 1 20 1 21 5 22 5 23 3 24 2 26 4 27 5 28 4 29 4 31 1 32 3 34 4 35 4 36 4 37 3 39 2 40 3 41 5 42 3 43 3 44 5 45 5 46 5 47 5 48 3 50 2 51 1 52 4 53 2 56 2 57 2 59 4 60 1 61 4 62 3 64 4 65 5 66 4 67 1 68 1 70 1 74 3 75 1 76 3 78 5 79 4 80 4 81 5 82 5 83 2 85 3 86 4 87 3 88 4 90 4 91 4 93 4 94 4 96 1 97 2 99 5 
84 1 5 3 2 4 1 6 2 7 4 8 4 9 4 11 2 13 5 14 3 15 3 16 3 17 2 19 2 20 2 21 3 22 5 23 3 24 5 27 1 28 2 29 4 30 1 32 2 33 5 35 1 36 3 37 3 38 5 39 2 40 1 42 2 43 3 45 2 47 1 48 4 50 1 51 5 53 5 55 1 57 4 61 1 62 3 64 4 67 1 68 3 69 3 70 1 71 1 72 4 75 5 77 4 78 3 79 5 81 3 82 3 84 1 85 1 86 3 87 5 89 1 90 5 92 5 93 2 98 5 99 5 
85 2 4 3 1 4 5 5 5 6 5 9 1 10 1 11 3 12 4 13 2 14 2 15 4 18 5 19 5 20 4 22 2 23 3 24 2 26 1 28 5 31 2 32 1 33 5 34 4 35 5 36 4 37 1 38 4 39 3 40 2 41 4 42 1 43 2 44 5 47 4 50 2 51 2 52 1 53 3 56 1 57 3 58 1 59 3 60 1 62 1 63 1 65 1 66 2 68 4 70 4 71 3 73 1 74 1 75 2 76 4 78 3 79 5 81 4 83 3 85 4 86 2 89 3 90 5 91 4 93 3 97 5 98 2 
86 1 4 5 3 6 2 7 3 10 1 11 5 12 1 14 3 15 4 16 4 18 1 19 5 20 4 21 1 22 4 25 2 26 1 27 4 28 4 29 5 31 5 33 1 36 5 38 3 39 3 40 1 43 3 45 3 46 1 47 5 50 1 51 3 53 2 56 1 57 2 58 2 60 3 61 2 62 4 65 3 67 3 68 2 70 3 71 4 72 4 73 1 74 5 75 1 77 5 78 1 79 2 80 3 81 1 83 5 84 1 85 4 87 3 89 2 91 5 94 2 96 4 97 4 99 1 
87 2 4 3 2 4 1 5 1 6 4 7 4 8 3 9 3 10 2 11 2 12 2 16 4 17 5 18 1 19 5 20 2 22 5 23 3 25 2 26 5 27 3 28 5 31 2 32 1 33 3 34 4 35 1 36 3 37 2 38 4 39 3 40 2 41 2 42 4 43 3 45 2 46 2 47 5 49 1 50 1 52 1 53 1 54 5 55 4 56 3 58 2 59 5 60 4 61 5 62 4 63 1 64 1 66 3 68 4 69 5 70 4 71 5 72 1 74 5 75 1 76 5 77 3 78 5 79 3 82 2 85 5 86 5 87 5 88 4 89 1 90 1 91 4 94 1 95 2 96 3 97 2 
88 1 5 2 5 3 5 4 2 5 2 6 5 8 1 9 5 10 5 11 4 12 1 14 4 17 3 18 4 19 1 20 3 21 3 22 3 23 3 27 3 28 4 30 2 31 3 33 3 35 5 37 2 38 1 39 5 41 1 42 2 44 2 47 2 48 4 50 5 51 2 52 1 54 4 55 3 56 4 59 3 60 1 61 1 62 2 63 4 64 1 65 2 66 1 67 4 68 4 69 4 70 2 71 5 72 2 73 5 75 2 76 2 77 4 79 2 80 4 81 3 82 1 83 4 84 5 85 2 86 1 88 4 90 5 92 1 93 3 94 3 95 1 96 5 97 4 99 2 
89 1 2 2 3 5 1 7 3 8 4 9 1 12 1 13 2 15 4 17 1 18 5 19 3 20 1 22 4 23 3 24 2 25 1 26 3 28 2 30 4 31 3 32 1 33 3 34 2 35 5 36 5 37 1 38 2 39 1 41 1 42 1 43 5 44 2 45 2 46 4 47 5 49 3 50 3 51 1 55 1 57 1 58 3 59 1 60 1 61 4 62 2 63 4 64 2 65 1 67 2 68 2 71 2 72 5 73 1 75 1 76 1 78 4 80 5 81 4 83 4 85 3 86 5 87 1 88 5 89 2 90 1 91 5 92 5 94 3 96 5 98 3 99 3 
90 1 5 5 5 6 3 7 2 8 5 9 5 10 5 11 1 15 3 16 1 17 2 18 2 19 4 20 4 22 4 23 3 24 2 26 2 28 1 29 2 30 2 31 2 33 5 34 4 35 5 36 5 37 2 38 4 39 1 42 4 44 1 45 2 47 5 48 2 49 1 50 4 51 2 52 5 53 4 54 5 55 2 56 5 57 5 58 2 59 1 61 2 63 5 64 2 65 5 66 2 67 4 68 3 71 4 73 1 74 4 75 4 76 5 77 3 78 2 79 5 81 2 82 3 83 1 84 4 85 3 86 2 88 5 89 1 90 4 91 5 92 5 93 5 95 5 97 2 98 5 99 4 
91 1 1 3 4 4 2 5 2 6 3 7 3 8 3 9 1 10 1 11 4 12 1 13 3 14 3 15 3 16 5 17 1 18 3 20 3 24 4 25 2 27 3 28 4 29 1 31 3 32 5 33 2 34 5 35 1 37 1 38 4 39 5 40 5 41 4 43 3 44 4 46 4 47 2 48 5 50 3 51 5 52 1 53 4 54 1 55 3 56 3 57 4 58 5 59 4 61 3 62 4 65 1 67 4 69 1 70 5 71 5 72 5 74 1 76 2 77 1 78 3 79 5 80 5 81 5 83 1 85 4 87 5 88 4 89 3 90 2 92 5 93 1 97 5 98 3 99 3 
92 1 1 2 3 3 3 4 5 5 1 7 3 8 4 9 4 10 3 12 5 13 1 14 5 16 1 17 1 18 5 20 1 21 3 24 2 25 3 27 1 28 2 29 3 30 1 31 3 32 2 33 2 35 2 37 1 39 5 40 5 41 3 42 2 44 1 45 1 46 4 47 3 49 4 50 1 51 4 53 3 54 1 56 1 58 5 59 2 60 3 61 4 62 4 63 4 64 2 65 4 66 1 68 5 69 2 70 1 71 2 74 2 75 4 76 1 77 1 78 3 79 4 80 2 81 3 82 4 83 4 84 2 85 2 88 4 89 1 90 5 91 5 92 2 93 5 94 1 97 5 99 5 
93 1 2 2 2 4 3 5 1 6 1 7 3 8 3 9 3 11 1 14 4 15 5 16 2 17 2 18 1 19 4 20 4 21 5 23 5 25 4 26 3 27 1 29 3 30 3 31 1 32 1 33 4 34 1 35 5 36 5 37 5 38 3 41 3 42 1 43 5 44 1 48 3 49 2 51 3 54 1 55 5 57 2 59 3 60 3 62 2 63 5 64 4 65 4 66 3 69 2 71 4 72 3 73 4 74 2 77 3 79 3 80 4 81 1 82 3 83 5 84 2 85 1 86 1 88 3 89 4 90 1 91 3 93 4 94 2 95 1 96 3 97 5 99 5 
94 4 3 5 2 6 5 9 4 11 1 15 2 17 3 18 3 22 3 23 3 24 5 25 1 26 2 27 5 28 2 29 4 31 4 32 3 34 2 35 3 36 3 37 5 39 1 40 1 41 5 43 2 44 5 45 3 47 4 48 3 49 4 50 1 51 3 53 5 55 1 56 5 57 2 58 2 60 1 61 4 62 3 63 1 65 4 66 4 68 4 69 5 70 3 71 5 73 1 80 5 81 4 82 5 83 4 84 3 85 4 86 3 88 2 89 3 91 4 93 3 94 3 95 1 96 3 98 3 99 2 
95 1 3 3 5 4 1 5 3 7 4 8 4 10 1 11 3 12 4 13 2 15 1 16 1 17 3 20 5 21 4 24 5 25 5 26 5 27 1 28 4 29 2 30 1 32 5 33 5 34 4 36 1 37 2 39 4 41 1 42 4 43 5 46 1 48 2 49 2 50 3 51 3 52 2 54 4 56 3 57 5 58 4 59 3 60 1 61 3 62 1 64 2 65 1 66 3 67 3 68 5 69 4 70 3 71 2 72 3 74 5 76 5 77 2 78 2 79 1 80 4 81 3 82 5 84 1 86 1 91 3 92 4 93 1 94 4 97 2 98 5 99 3 
96 1 1 2 5 3 3 4 5 5 3 7 4 8 2 11 1 12 1 15 3 17 3 18 2 19 5 21 2 22 1 23 2 24 3 25 2 26 1 27 2 28 5 29 2 31 5 32 5 33 1 34 3 35 5 36 1 38 5 40 5 41 4 42 3 43 2 45 4 49 5 50 2 55 2 59 4 60 1 61 5 62 1 63 2 64 4 66 3 67 2 70 5 71 2 72 1 74 4 75 4 76 1 80 3 83 1 84 3 85 4 87 4 88 5 90 4 91 2 92 2 93 3 94 3 95 3 96 1 97 1 98 5 99 5 
97 1 4 2 2 7 5 8 1 10 3 14 4 15 2 17 3 18 1 19 3 20 4 21 4 22 1 24 2 25 4 26 1 29 5 30 3 31 5 33 1 34 1 35 2 36 5 37 1 38 1 39 5 40 4 41 4 42 4 44 3 46 5 47 3 48 4 53 1 57 2 58 1 60 1 61 4 62 3 63 5 66 5 67 3 68 4 71 3 74 5 76 1 77 4 80 4 81 2 83 3 84 3 85 5 86 3 87 5 88 5 89 1 90 3 92 1 93 3 97 2 99 3 
98 2 4 3 2 5 4 6 5 8 3 9 5 10 1 14 3 16 3 17 1 18 1 19 4 21 5 22 3 23 5 24 5 25 3 30 1 31 1 33 1 35 1 36 3 37 4 38 4 39 5 40 3 41 3 43 5 44 1 47 3 48 2 51 5 53 3 54 5 55 3 58 5 59 2 60 5 61 3 62 3 63 1 64 5 66 5 68 1 69 2 70 4 72 4 74 5 75 1 79 5 80 5 81 1 82 2 83 5 85 2 87 3 88 4 89 4 90 3 92 1 94 3 95 2 96 3 97 4 98 2 99 1 
99 4 1 5 1 7 5 9 3 11 4 12 4 13 4 14 5 15 5 16 4 19 5 20 3 22 1 23 1 24 2 25 4 26 2 28 5 29 1 30 4 38 1 40 5 41 4 42 5 43 3 47 4 49 1 50 1 51 3 52 3 53 4 54 5 55 3 56 1 57 3 59 3 60 4 61 5 63 4 64 3 65 3 66 4 69 5 70 2 71 5 72 4 73 4 74 4 76 2 78 2 79 1 80 3 81 5 82 2 83 3 84 5 85 1 86 4 89 4 92 4 97 4 98 5 99 4 
100 1 2 4 4 6 3 8 1 9 5 10 1 11 1 13 5 14 2 16 2 18 2 19 1 21 2 25 3 26 3 27 1 29 2 30 5 31 3 32 4 35 4 36 5 38 4 39 1 42 1 43 2 45 1 46 3 47 2 48 4 49 5 50 1 51 4 52 2 53 5 57 1 58 4 59 5 60 5 61 1 62 4 63 3 64 1 65 1 66 3 68 5 70 1 71 5 72 4 73 3 74 1 76 4 77 4 78 1 79 3 81 3 82 2 84 5 86 3 87 1 88 1 89 2 91 3 92 3 93 5 94 2 95 3 96 1 97 2 98 3 99 3 
